Matriz 1
8 3 7 9 6 
1 8 0 3 5 
4 7 5 5 7 
5 5 8 3 7 
6 3 8 7 7 

Matriz 2
3 1 3 2 7 
1 8 8 2 2 
4 2 7 9 0 
5 0 3 7 2 
0 6 5 1 4 

Resultado 2
100 82 154 154 104 
26 95 101 44 49 
64 112 153 109 80 
67 103 155 120 79 
88 88 154 146 90 

